1 1 33527342.94578182
1 1 33545879.50711729
1 1 33564347.43499088
1 1 33582739.54349688
1 1 33601048.40181901
1 1 33619266.32701639
1 1 33637385.37660266
1 1 33655397.34091283
1 1 33673293.73525133
1 1 33691065.79181534
1 1 33708704.45138675
1 1 33726200.35478635
1 1 33743543.83408330
1 1 33760724.90355284
1 1 33777733.25037545
1 1 33794558.22506949
1 1 33811188.83165020
1 1 33827613.71750714
1 1 33843821.16299186
1 1 33859799.07070784
1 1 33875534.95449401
1 1 33891015.92809321
1 1 33906228.69349669
1 1 33921159.52895544
1 1 33935794.27664869
1 1 33950118.33000024
1 1 33964116.62063232
1 1 33977773.60494678
1 1 33991073.25032322
1 1 34003999.02092309
1 1 34016533.86308866
1 1 34028660.19032545
1 1 34040359.86785643
1 1 34051614.19673585
1 1 34062403.89751039
1 1 34072709.09341487
1 1 34082509.29308952
1 1 34091783.37280546
1 1 34100509.55818439
1 1 34108665.40539879
1 1 34116227.78183767
1 1 34123172.84622350
1 1 34129476.02816453
1 1 34135112.00712736
1 1 34140054.69081331
1 1 34144277.19292235
1 1 34147751.81028754
1 1 34150449.99936287
1 1 34152342.35204647
1 1 34153398.57082111
1 1 34153587.44319338
1 1 34152876.81541232
1 2 34169898.31120452
1 2 34186906.07558277
1 2 34203895.15224260
1 2 34220860.40159851
1 2 34237796.49497775
1 2 34254697.90862665
1 2 34271558.91752230
1 2 34288373.58898295
1 2 34305135.77606958
1 2 34321839.11077107
1 2 34338476.99696487
1 2 34355042.60314494
1 2 34371528.85490815
1 2 34387928.42718994
1 2 34404233.73623987
1 2 34420436.93132680
1 2 34436529.88616335
1 2 34452504.19003858
1 2 34468351.13864749
1 2 34484061.72460489
1 2 34499626.62763134
1 2 34515036.20439749
1 2 34530280.47801288
1 2 34545349.12714437
1 2 34560231.47474877
1 2 34574916.47640298
1 2 34589392.70821469
1 2 34603648.35429516
1 2 34617671.19377489
1 2 34631448.58734194
1 2 34644967.46328123
1 2 34658214.30299226
1 2 34671175.12596101
1 2 34683835.47416066
1 2 34696180.39585402
1 2 34708194.42876913
1 2 34719861.58261734
1 2 34731165.32092194
1 2 34742088.54212265
1 2 34752613.55991962
1 2 34762722.08281817
1 2 34772395.19283257
1 2 34781613.32330518
1 2 34790356.23579374
1 2 34798602.99597664
1 2 34806331.94852294
1 2 34813520.69086991
1 2 34820146.04584721
1 2 34826184.03308273
1 2 34831609.83912043
1 2 34836397.78617602
1 2 34840521.29945116
1 2 34843952.87292129
1 2 34846664.03350665
1 2 34848625.30352963
1 2 34849806.16135533
1 2 34850175.00010509
1 2 34849699.08432551
1 3 34866137.92395213
1 3 34882563.23447383
1 3 34898970.19893599
1 3 34915353.82148954
1 3 34931708.92168535
1 3 34948030.12858264
1 3 34964311.87466482
1 3 34980548.38955566
1 3 34996733.69352861
1 3 35012861.59080166
1 3 35028925.66260958
1 3 35044919.26004573
1 3 35060835.49666418
1 3 35076667.24083369
1 3 35092407.10783361
1 3 35108047.45168220
1 3 35123580.35668664
1 3 35138997.62870438
1 3 35154290.78610393
1 3 35169451.05041382
1 3 35184469.33664676
1 3 35199336.24328617
1 3 35214042.04192156
1 3 35228576.66651803
1 3 35242929.70230502
1 3 35257090.37426849
1 3 35271047.53522978
1 3 35284789.65349358
1 3 35298304.80004674
1 3 35311580.63528845
1 3 35324604.39527137
1 3 35337362.87743213
1 3 35349842.42578876
1 3 35362028.91558091
1 3 35373907.73732783
1 3 35385463.78027745
1 3 35396681.41521864
1 3 35407544.47662677
1 3 35418036.24411160
1 3 35428139.42313442
1 3 35437836.12495919
1 3 35447107.84580136
1 3 35455935.44513503
1 3 35464299.12311722
1 3 35472178.39708604
1 3 35479552.07708634
1 3 35486398.24037459
1 3 35492694.20485117
1 3 35498416.50136628
1 3 35503540.84484173
1 3 35508042.10414842
1 3 35511894.27067554
1 3 35515070.42552442
1 3 35517542.70525624
1 3 35519282.26611916
1 3 35520259.24667695
1 3 35520442.72875705
1 3 35519800.69663274
1 4 35535800.77180108
1 4 35551786.36141433
1 4 35567752.71706212
1 4 35583694.91389943
1 4 35599607.84500597
1 4 35615486.21556119
1 4 35631324.53682862
1 4 35647117.11994246
1 4 35662858.06948913
1 4 35678541.27687661
1 4 35694160.41348328
1 4 35709708.92357852
1 4 35725180.01700628
1 4 35740566.66162278
1 4 35755861.57547910
1 4 35771057.21873888
1 4 35786145.78532104
1 4 35801119.19425678
1 4 35815969.08074992
1 4 35830686.78692886
1 4 35845263.35227799
1 4 35859689.50373582
1 4 35873955.64544660
1 4 35888051.84815123
1 4 35901967.83820301
1 4 35915692.98619272
1 4 35929216.29516698
1 4 35942526.38842294
1 4 35955611.49686152
1 4 35968459.44588057
1 4 35981057.64178830
1 4 35993393.05771647
1 4 36005452.21901167
1 4 36017221.18808176
1 4 36028685.54867385
1 4 36039830.38955832
1 4 36050640.28759270
1 4 36061099.29013725
1 4 36071190.89679302
1 4 36080898.04043169
1 4 36090203.06748439
1 4 36099087.71745549
1 4 36107533.10162544
1 4 36115519.68090447
1 4 36123027.24279775
1 4 36130034.87743979
1 4 36136520.95265402
1 4 36142463.08799161
1 4 36147838.12770035
1 4 36152622.11257324
1 4 36156790.25062271
1 4 36160316.88652481
1 4 36163175.46977475
1 4 36165338.52149248
1 4 36166777.59981454
1 4 36167463.26380590
1 4 36167365.03582275
1 5 36182896.88219622
1 5 36198412.77248520
1 5 36213908.01613814
1 5 36229377.74841850
1 5 36244816.92482686
1 5 36260220.31534061
1 5 36275582.49846479
1 5 36290897.85508711
1 5 36306160.56213024
1 5 36321364.58599368
1 5 36336503.67577782
1 5 36351571.35628187
1 5 36366560.92076735
1 5 36381465.42347844
1 5 36396277.67190997
1 5 36410990.21881343
1 5 36425595.35393130
1 5 36440085.09544878
1 5 36454451.18115262
1 5 36468685.05928518
1 5 36482777.87908202
1 5 36496720.48098057
1 5 36510503.38648678
1 5 36524116.78768608
1 5 36537550.53638441
1 5 36550794.13286434
1 5 36563836.71424059
1 5 36576667.04239842
1 5 36589273.49149787
1 5 36601644.03502555
1 5 36613766.23237514
1 5 36625627.21493672
1 5 36637213.67167406
1 5 36648511.83416795
1 5 36659507.46110266
1 5 36670185.82217127
1 5 36680531.68137479
1 5 36690529.27968821
1 5 36700162.31706579
1 5 36709413.93375621
1 5 36718266.69089673
1 5 36726702.55035438
1 5 36734702.85377988
1 5 36742248.30083916
1 5 36749318.92658499
1 5 36755894.07792976
1 5 36761952.38917851
1 5 36767471.75657929
1 5 36772429.31184624
1 5 36776801.39460846
1 5 36780563.52373586
1 5 36783690.36749119
1 5 36786155.71245500
1 5 36787932.43116893
1 5 36788992.44843991
1 5 36789306.70624648
1 5 36788845.12718637
1 6 36803800.45433781
1 6 36818737.24282923
1 6 36833650.84626534
1 6 36848536.44608051
1 6 36863389.04601814
1 6 36878203.46642914
1 6 36892974.33838327
1 6 36907696.09758638
1 6 36922362.97809666
1 6 36936969.00583255
1 6 36951507.99186449
1 6 36965973.52548291
1 6 36980358.96703363
1 6 36994657.44051264
1 6 37008861.82591058
1 6 37022964.75129802
1 6 37036958.58464121
1 6 37050835.42533853
1 6 37064587.09546636
1 6 37078205.13072353
1 6 37091680.77106249
1 6 37105004.95099474
1 6 37118168.28955811
1 6 37131161.07993193
1 6 37143973.27868651
1 6 37156594.49465192
1 6 37169013.97739082
1 6 37181220.60525911
1 6 37193202.87303767
1 6 37204948.87911727
1 6 37216446.31221836
1 6 37227682.43762612
1 6 37238644.08292045
1 6 37249317.62317967
1 6 37259688.96563536
1 6 37269743.53375502
1 6 37279466.25072789
1 6 37288841.52232813
1 6 37297853.21912835
1 6 37306484.65803508
1 6 37314718.58311660
1 6 37322537.14569179
1 6 37329921.88364762
1 6 37336853.69995096
1 6 37343312.84031904
1 6 37349278.87001119
1 6 37354730.64970273
1 6 37359646.31040023
1 6 37364003.22735561
1 6 37367777.99293452
1 6 37370946.38839296
1 6 37373483.35451411
1 6 37375362.96105538
1 6 37376558.37495434
1 6 37377041.82724001
1 6 37376784.57859479
1 7 37390833.66625790
1 7 37404859.86147570
1 7 37418858.57937005
1 7 37432825.06591243
1 7 37446754.39249061
1 7 37460641.45029705
1 7 37474480.94453253
1 7 37488267.38841828
1 7 37501995.09700976
1 7 37515658.18080478
1 7 37529250.53913850
1 7 37542765.85335729
1 7 37556197.57976350
1 7 37569538.94232230
1 7 37582782.92512193
1 7 37595922.26457798
1 7 37608949.44137181
1 7 37621856.67211334
1 7 37634635.90071730
1 7 37647278.78948200
1 7 37659776.70985910
1 7 37672120.73290233
1 7 37684301.61938246
1 7 37696309.80955533
1 7 37708135.41256931
1 7 37719768.19549747
1 7 37731197.57197964
1 7 37742412.59045848
1 7 37753401.92199281
1 7 37764153.84763128
1 7 37774656.24532791
1 7 37784896.57638070
1 7 37794861.87137339
1 7 37804538.71559952
1 7 37813913.23394709
1 7 37822971.07522085
1 7 37831697.39587842
1 7 37840076.84315516
1 7 37848093.53755155
1 7 37855731.05465562
1 7 37862972.40627176
1 7 37869800.02082580
1 7 37876195.72301494
1 7 37882140.71266955
1 7 37887615.54279270
1 7 37892600.09674138
1 7 37897073.56451204
1 7 37901014.41809146
1 7 37904400.38583238
1 7 37907208.42581154
1 7 37909414.69812637
1 7 37910994.53608483
1 7 37911922.41624139
1 7 37912171.92723048
1 7 37911715.73734759
1 8 37924146.20385304
1 8 37936544.89840268
1 8 37948907.31842436
1 8 37961228.79715355
1 8 37973504.49835261
1 8 37985729.41085583
1 8 37997898.34293423
1 8 38010005.91647316
1 8 38022046.56095622
1 8 38034014.50724820
1 8 38045903.78116982
1 8 38057708.19685633
1 8 38069421.34989216
1 8 38081036.61021312
1 8 38092547.11476731
1 8 38103945.75992597
1 8 38115225.19363423
1 8 38126377.80729239
1 8 38137395.72735683
1 8 38148270.80665013
1 8 38158994.61536889
1 8 38169558.43177738
1 8 38179953.23257485
1 8 38190169.68292341
1 8 38200198.12612306
1 8 38210028.57291982
1 8 38219650.69043197
1 8 38229053.79067927
1 8 38238226.81869876
1 8 38247158.34023032
1 8 38255836.52895431
1 8 38264249.15326288
1 8 38272383.56254521
1 8 38280226.67296697
1 8 38287764.95272228
1 8 38294984.40673625
1 8 38301870.56079475
1 8 38308408.44507715
1 8 38314582.57706655
1 8 38320376.94381094
1 8 38325774.98350750
1 8 38330759.56638090
1 8 38335312.97482530
1 8 38339416.88277837
1 8 38343052.33429417
1 8 38346199.72128049
1 8 38348838.76036466
1 8 38350948.46885054
1 8 38352507.13972769
1 8 38353492.31569254
1 8 38353880.76213965
1 8 38353648.43907990
1 9 38362633.37774604
1 9 38371563.97726689
1 9 38380435.83431608
1 9 38389244.39164709
1 9 38397984.93318917
1 9 38406652.57898112
1 9 38415242.27993697
1 9 38423748.81243751
1 9 38432166.77274115
1 9 38440490.57120737
1 9 38448714.42632607
1 9 38456832.35854507
1 9 38464838.18388875
1 9 38472725.50735936
1 9 38480487.71611313
1 9 38488117.97240242
1 9 38495609.20627490
1 9 38502954.10802031
1 9 38510145.12035523
1 9 38517174.43033525
1 9 38524033.96098407
1 9 38530715.36262835
1 9 38537210.00392637
1 9 38543508.96257857
1 9 38549603.01570686
1 9 38555482.62988964
1 9 38561137.95083824
1 9 38566558.79270025
1 9 38571734.62697458
1 9 38576654.57102189
1 9 38581307.37615389
1 9 38585681.41528384
1 9 38589764.67011994
1 9 38593544.71788232
1 9 38597008.71752360
1 9 38600143.39543196
1 9 38602935.03059473
1 9 38605369.43919949
1 9 38607431.95864868
1 9 38609107.43096245
1 9 38610380.18554372
1 9 38611234.02127788
1 9 38611652.18793845
1 9 38611617.36686915
2 1 38612212.62568197
2 1 38611819.36098206
2 2 38612521.84909824
2 2 38612288.72313495
2 3 38612736.38628385
2 3 38612270.99931248
2 4 38613165.53295310
2 4 38613194.03296106
2 4 38612321.42173804
2 5 38612654.60470403
2 5 38612129.49632455
2 6 38612480.89425081
2 6 38612015.87051488
2 7 38611870.61920343
2 8 38611576.30690017
2 9 38611082.17694450
